0 0.224609 0.595898 0.21166 0.578574 0.186113 0.596797 0.198125 0.614473
0 0.22292 0.658838 0.241309 0.683594 0.254844 0.672266 0.237012 0.648535
0 0.354766 0.78709 0.344512 0.771953 0.32127 0.78875 0.330547 0.803398
0 0.882324 0.249316 0.86749 0.261533 0.876875 0.273486 0.893848 0.263477
0 0.699316 0.50752 0.7004 0.514521 0.707627 0.520576 0.71583 0.521553 0.722178 0.516963 0.724619 0.508369 0.719443 0.498604 0.709287 0.496943 0.702051 0.500195
0 0.494023 0.52874 0.502041 0.531729 0.510928 0.529053 0.515322 0.521572 0.514551 0.513086 0.508896 0.508193 0.499912 0.507451 0.493701 0.511084 0.490488 0.520176
0 0.401719 0.581729 0.404258 0.588564 0.411289 0.592373 0.417539 0.59208 0.423398 0.58876 0.425937 0.581924 0.424473 0.574697 0.419688 0.569229 0.41207 0.567959 0.406212 0.570791 0.402109 0.575186
0 0.691123 0.332295 0.698486 0.337588 0.70873 0.337129 0.713447 0.329307 0.712412 0.319521 0.706309 0.313311 0.69791 0.312969 0.692383 0.315498 0.68917 0.323896
0 0.624961 0.715898 0.631309 0.719707 0.640391 0.719219 0.646836 0.711602 0.645996 0.701563 0.639062 0.696191 0.630039 0.696074 0.62418 0.701738 0.622129 0.709355
0 0.566641 0.320645 0.571523 0.325723 0.580312 0.327383 0.586855 0.324258 0.58998 0.318301 0.589395 0.31127 0.585098 0.305703 0.576406 0.30375 0.569668 0.305898 0.566152 0.312734
0 0.989551 0.267383 1 0.280732 1 0.255752 0.990508 0.262012
