0 0.973877 0.738447 0.999046 0.823689 0.985274 0.847908 0.997146 0.88305 1 0.882269 1 0.73154
0 0 0.100284 0 0.185574 0.0108906 0.201377 0.0514746 0.173636
0 0.107787 0.454659 0.140735 0.437605 0.140239 0.41724 0.0927197 0.342733 0.0538105 0.364092
0 0.846676 0.242631 0.835864 0.247283 0.850918 0.294085 0.86214 0.291759 0.87254 0.324603 0.907983 0.312833 0.870351 0.198429 0.836412 0.209377
0 0.0162588 0.878333 0 0.851062 0 0.884832 0.00212988 0.888262
0 0.81882 0.451936 0.810376 0.456464 0.799852 0.467967 0.790674 0.494033 0.794712 0.512512 0.796425 0.525606 0.800831 0.533193 0.827387 0.53148 0.831792 0.525852 0.844029 0.524872 0.849536 0.501743 0.849414 0.477268 0.843662 0.461726 0.835097 0.452793 0.826285 0.451201
0 0.498314 0.740045 0.499939 0.724378 0.498082 0.710916 0.491584 0.700937 0.481255 0.693973 0.470347 0.690144 0.45967 0.690607 0.451314 0.693161 0.421142 0.710685 0.433907 0.732733 0.446673 0.726119 0.459322 0.726351 0.468142 0.731341 0.474061 0.73726 0.484272 0.749213
0 0.305839 0.0805957 0.304793 0.103295 0.310916 0.103594 0.323908 0.116138 0.325252 0.136148 0.319542 0.146635 0.309273 0.145407 0.308825 0.159296 0.317188 0.161088 0.326447 0.154666 0.334361 0.158399 0.352133 0.151381 0.326298 0.0747715
0 0.745158 0.061751 0.77971 0.0501514 0.76306 0 0.725195 0
0 0.536787 0.860597 0.554546 0.889062 0.573689 0.920044 0.581246 0.915888 0.568273 0.894729 0.568399 0.887298 0.559331 0.878985 0.555553 0.870421 0.562606 0.850521 0.554923 0.839061 0.535149 0.849388
0 0.995898 0.413672 1 0.411852 1 0.362821 0.994115 0.345281 0.973438 0.351758 0.969043 0.36084 0.986719 0.413867
0 0.255156 0.569449 0.254646 0.554538 0.248656 0.553646 0.244068 0.531214 0.229028 0.533253 0.221254 0.546891 0.227244 0.569577 0.245853 0.575949
0 0.458974 0.733894 0.448529 0.732966 0.437272 0.738768 0.446673 0.754783 0.461063 0.751186 0.468838 0.742598
