0 0.589798 0.858631 0.665566 0.815777 0.682796 0.80915 0.717257 0.80672 0.72565 0.797222 0.721896 0.781096 0.697597 0.74752 0.57058 0.8213
0 0.0522949 0.678819 0.104421 0.599615 0.0583877 0.570168 0.00456934 0.648188
0 0.631087 0.0578105 0.64334 0.113033 0.751714 0.0883555 0.738771 0.0339961
0 0.122117 0.43816 0.120183 0.447189 0.144047 0.469765 0.167051 0.446975 0.176511 0.44676 0.198226 0.430635 0.213705 0.413436 0.193065 0.406341 0.185971 0.394086 0.166191 0.381187
0 0.2116 0.802287 0.213797 0.711022 0.155996 0.710516 0.156503 0.800936
0 0.98468 0.28153 1 0.29197 1 0.258862
0 0.506241 0.89875 0.51112 0.907498 0.517513 0.935932 0.528953 0.954942 0.560246 0.935595 0.528448 0.885122
0 0.429978 0.707553 0.418273 0.708662 0.403612 0.721845 0.42973 0.747225 0.460901 0.715191 0.440942 0.695849
0 0.980346 0.410351 0.963851 0.434226 1 0.459078 1 0.423365
0 0.0952979 0.839104 0.0944863 0.830182 0.0658975 0.829776 0.0648838 0.863231 0.112329 0.864043 0.112329 0.841941
