0 0.403703 0.963562 0.375538 0.981543 0.386936 1 0.431859 1 0.416593 0.965312
0 0.244413 0.695843 0.255367 0.697041 0.259133 0.690365 0.250917 0.672052 0.227298 0.650657 0.227982 0.633199 0.219767 0.632001 0.21583 0.626866 0.215146 0.620362 0.206245 0.60821 0.183139 0.621218 0.189813 0.626866 0.196489 0.635596 0.195633 0.64963 0.191868 0.66281 0.19512 0.667602 0.197858 0.692248 0.216172 0.714499
0 0.971638 0.23453 0.976042 0.253909 0.977363 0.268663 0.972959 0.282978 0.972738 0.297291 0.980446 0.309623 0.993659 0.316891 1 0.3183 1 0.228953
0 0.594447 0.0287422 0.62415 0.024918 0.632947 0.0208389 0.628016 0 0.587006 0
0 0.728616 0.338336 0.738433 0.3445 0.746423 0.349066 0.749392 0.361166 0.751218 0.372353 0.757382 0.37532 0.771992 0.373266 0.771992 0.362992 0.756012 0.293818 0.721311 0.301124
0 0.725159 0.127583 0.743869 0.122364 0.748833 0.1174 0.743996 0.0924541 0.734323 0.0736172 0.733433 0.0453613 0.728214 0.0452344 0.724141 0.0504531 0.714723 0.0518525 0.711541 0.0591074 0.703395 0.0592344 0.700213 0.0690352 0.715741 0.127074
0 0.195481 0.254773 0.194033 0.263462 0.222632 0.310522 0.230415 0.313237 0.24942 0.301834 0.251772 0.294413 0.221727 0.244818 0.214849 0.244275
0 0.653793 0.195244 0.660679 0.197408 0.689794 0.191113 0.673859 0.121669 0.637661 0.130324
0 0.25113 0.888166 0.242912 0.878466 0.23402 0.871056 0.224454 0.869709 0.216236 0.873212 0.212464 0.880218 0.212733 0.893825 0.217179 0.905681 0.224858 0.920097 0.236445 0.933569 0.244528 0.94044 0.251265 0.941249 0.258675 0.939228 0.264603 0.934108 0.266489 0.920366 0.262178 0.90851 0.25598 0.895576
0 0.299002 0.843779 0.302753 0.826633 0.298467 0.817166 0.27739 0.809485 0.275067 0.816272 0.274711 0.853246 0.289714 0.8695 0.298823 0.874501 0.296145 0.889862 0.319722 0.876466
0 0.104689 0.0940225 0.0644687 0.117629 0.0637695 0.122176 0.0725127 0.131619 0.0791582 0.126548 0.0901748 0.113782 0.0978691 0.11658 0.113083 0.106962
