0 0.58394 0.511277 0.53604 0.520614 0.552277 0.593277 0.558569 0.593886 0.562223 0.598352 0.563237 0.613574 0.602208 0.603831
0 0.613371 0.64747 0.582926 0.654573 0.601599 0.743067 0.631841 0.736775
0 0.519489 0.23453 0.523894 0.253909 0.525215 0.268663 0.520811 0.282978 0.52059 0.297291 0.528298 0.309623 0.541511 0.316891 0.555384 0.319974 0.566836 0.315789 0.556265 0.276812 0.556926 0.267342 0.566175 0.260295 0.558687 0.226822
0 0.142299 0.0287422 0.172002 0.024918 0.180799 0.0208389 0.175867 0 0.134858 0
0 0.276468 0.338336 0.286284 0.3445 0.294274 0.349066 0.297243 0.361166 0.299069 0.372353 0.305233 0.37532 0.319844 0.373266 0.319844 0.362992 0.303863 0.293818 0.269162 0.301124
0 0.273011 0.127583 0.291721 0.122364 0.296685 0.1174 0.291848 0.0924541 0.282175 0.0736172 0.281284 0.0453613 0.276065 0.0452344 0.271992 0.0504531 0.262574 0.0518525 0.259393 0.0591074 0.251246 0.0592344 0.248064 0.0690352 0.263593 0.127074
0 0.201645 0.195244 0.20853 0.197408 0.237646 0.191113 0.221711 0.121669 0.185513 0.130324
0 0.927099 0.275199 0.928167 0.288173 0.93702 0.294278 0.940226 0.305421 0.989068 0.298552 0.980216 0.266499
0 0.671471 0.944571 0.661396 0.94698 0.660302 0.957055 0.643876 0.963625 0.647818 0.990124 0.678917 0.983773
0 0.665339 0.92048 0.663148 0.882812 0.653074 0.859159 0.647381 0.859597 0.650301 0.8884 0.655046 0.896129 0.654368 0.922163
