0 0.0101426 0.431697 0.0319863 0.402196 0 0.380467 0 0.425094
0 0.267445 0.5797 0.279563 0.576882 0.324091 0.605627 0.350863 0.567582 0.2511 0.499664 0.218973 0.547009
0 0.528481 0.782408 0.573913 0.813597 0.622046 0.742625 0.57686 0.712419
0 0.734778 0.290743 0.751609 0.304438 0.809361 0.343711 0.837413 0.307904 0.758045 0.256257
0 0.278718 0.650718 0.212772 0.661709 0.195582 0.6882 0.197555 0.698063 0.220382 0.713282 0.250255 0.708772 0.248 0.689891 0.304927 0.680027 0.302954 0.666782
0 0.452264 0.540217 0.456829 0.532768 0.483023 0.551271 0.484465 0.533729 0.493837 0.518589 0.501526 0.521473 0.503209 0.512341 0.475813 0.499364 0.44938 0.493837 0.432317 0.487349 0.414534 0.513302
0 0.0503447 0.290251 0.0510811 0.282646 0.061876 0.273813 0.0734072 0.255656 0.0481367 0.24069 0.0464189 0.24437 0.0420029 0.242162 0.0397949 0.246824 0.00961621 0.225479 0 0.239835 0 0.256688
0 0.999189 0 0.994531 0 0.975686 0.0271035 1 0.0429978 1 0.000568746
0 0.159811 0.313079 0.151867 0.32149 0.14953 0.33364 0.151399 0.349061 0.158876 0.357472 0.169156 0.36448 0.183175 0.36448 0.195791 0.358406 0.20467 0.348593 0.207474 0.335042 0.203735 0.321958 0.196259 0.313079 0.184109 0.307005 0.173362 0.307472
0 0.675655 0.453631 0.66899 0.446549 0.657327 0.439051 0.650037 0.443009 0.632125 0.473417 0.637541 0.477583 0.643997 0.477791 0.649412 0.474875 0.654411 0.464878 0.660868 0.459879 0.674406 0.457588
0 0.491209 0.878639 0.505129 0.860943 0.503478 0.850799 0.486727 0.841361 0.4813 0.843249 0.464077 0.867313 0.482008 0.879818
0 0.630803 0.298786 0.646914 0.308568 0.663745 0.282675 0.644757 0.270159 0.629939 0.290874
0 0.195863 0.579418 0.207981 0.587591 0.233627 0.583363 0.235882 0.572654 0.211363 0.557718
0 0.00432031 0.188962 0.00914453 0.185302 0.0118057 0.17948 0.0109746 0.169999 0.0041543 0.161349 0 0.160426 0 0.190291
0 0.422979 0.110946 0.418517 0.118718 0.419092 0.127929 0.425281 0.134549 0.436362 0.136852 0.444566 0.131095 0.447444 0.123179 0.446725 0.113968 0.44068 0.108211 0.430605 0.107061
0 0.0793418 0.120429 0.0695273 0.1349 0.0866602 0.146544 0.0931484 0.145214 0.0974727 0.141554 0.0978057 0.137229 0.0956436 0.131074
