0 0.743105 0.896993 0.613132 0.843114 0.604385 0.858333 0.728236 0.924632
0 0.677884 0.0346602 0.789715 0.0784619 0.799982 0.051667 0.771744 0.0413984 0.778002 0.0261562 0.722327 0.00401465 0.715428 0.0198994 0.688473 0.00866797
0 0.0209521 0.350992 0.00899414 0.347456 0.00916309 0.340551 0.00259473 0.335161 0 0.335161 0 0.405566
0 0.511938 0.79844 0.517893 0.780854 0.416807 0.743051 0.402683 0.74679 0.399774 0.757591 0.439101 0.772546 0.439378 0.782932 0.44464 0.790687 0.452533 0.795948 0.46638 0.798025 0.474412 0.792486 0.479258 0.78667
0 0.583785 0.457529 0.568354 0.445705 0.552923 0.437288 0.536891 0.43348 0.512641 0.433079 0.503021 0.437889 0.494805 0.447309 0.491999 0.458731 0.498612 0.470756 0.510437 0.481979 0.528674 0.490396 0.548113 0.496208 0.564146 0.498412 0.579777 0.493201 0.588796 0.48238 0.5908 0.468952
0 0.641352 0.0226289 0.64892 0 0.581735 0
0 0.878723 0.849552 0.876449 0.844248 0.849362 0.835724 0.849552 0.828147 0.841785 0.819055 0.829473 0.813751 0.818676 0.818107 0.812425 0.822465 0.79784 0.818865 0.792726 0.820949 0.78818 0.830041 0.798029 0.843111 0.80447 0.844059 0.809395 0.851257 0.869251 0.871524
0 0.294749 0.778583 0.330501 0.792089 0.355765 0.72297 0.320173 0.710735
0 0.142317 0.701467 0.145737 0.706084 0.153774 0.71053 0.161812 0.708991 0.168311 0.703006 0.168994 0.694798 0.168652 0.688471 0.172072 0.687103 0.15292 0.64589 0.144027 0.6476 0.139752 0.638194 0.133083 0.636313 0.126927 0.637853 0.121797 0.643325 0.119402 0.649994 0.12248 0.657689 0.117863 0.659741 0.138555 0.701638
0 0.859479 0.104608 0.832978 0.162026 0.858897 0.173649 0.884352 0.115534
