0 0.733869 0.810715 0.746583 0.808658 0.745648 0.799496 0.776873 0.792766 0.780799 0.800806 0.793514 0.798936 0.794262 0.793888 0.871294 0.775937 0.871294 0.764346 0.86475 0.759858 0.835582 0.765468 0.831282 0.773694 0.816885 0.780799 0.796879 0.779304 0.788465 0.780986 0.77276 0.775377 0.727512 0.784539
0 0.0219355 0.330502 0.0113193 0.26193 0 0.251355 0 0.334776
0 0.0945156 0.497634 0.0785947 0.500029 0.0816943 0.518486 0.0774678 0.527503 0.0946572 0.608939 0.102547 0.620352 0.102124 0.631482 0.124244 0.627114
0 0.172002 0.825699 0.180799 0.82162 0.163844 0.749976 0.13312 0.750357 0.13312 0.756859 0.125599 0.765019 0.142299 0.829523
0 0.256786 0.643611 0.202867 0.656299 0.203354 0.666546 0.208234 0.66496 0.213236 0.670449 0.214212 0.678988 0.207503 0.681307 0.212626 0.703143 0.221287 0.70851 0.230314 0.707534 0.233486 0.691797 0.243733 0.698994 0.252272 0.694115 0.256664 0.70363 0.269717 0.700824
0 0.194583 0.255316 0.14707 0.266281 0.158731 0.323191 0.20694 0.312228
0 0.273011 0.928364 0.291721 0.923146 0.296685 0.918182 0.291848 0.893235 0.282175 0.874398 0.281284 0.846143 0.276065 0.846016 0.271992 0.851234 0.262574 0.852634 0.259393 0.859889 0.251246 0.860016 0.248064 0.869816 0.263593 0.927855
0 0.201645 0.996025 0.20853 0.998189 0.237646 0.991895 0.221711 0.92245 0.185513 0.931105
0 0.800142 0.396664 0.81088 0.400794 0.819759 0.400794 0.827605 0.394393 0.830496 0.383036 0.824714 0.368582 0.815009 0.359083 0.797458 0.357638 0.773918 0.364039 0.75616 0.371473 0.748727 0.383448 0.748727 0.394393 0.753889 0.401413 0.762768 0.405337 0.771854 0.404924 0.792708 0.393153
0 0.181402 0.104367 0.190103 0.106375 0.199071 0.105036 0.20737 0.100485 0.211922 0.0909814 0.211654 0.0816113 0.204426 0.0730449 0.192646 0.0678242 0.172969 0.0671543 0.157174 0.0722412 0.142984 0.0801387 0.135757 0.0901787 0.135757 0.102226 0.140174 0.109722 0.149678 0.115076 0.164402 0.113202 0.168819 0.106509 0.175646 0.104501
0 0.171991 0.469192 0.178333 0.502146 0.234542 0.48909 0.228199 0.457876
0 0.806008 0.226037 0.813894 0.214905 0.82688 0.212896 0.81929 0.176879 0.784054 0.189086 0.794258 0.241344 0.807664 0.23916
0 0.999023 0.580015 0.999023 0.490002 0.98378 0.497155 0.974044 0.516629 0.977422 0.529941 0.978813 0.559151
0 0.837421 0.574448 0.836768 0.58576 0.841554 0.59272 0.847644 0.59794 0.864392 0.596853 0.883968 0.593372 0.893756 0.58402 0.893321 0.573144 0.888753 0.564878 0.882445 0.564878 0.873963 0.569011 0.865262 0.572709 0.842206 0.571403
