0 0.474084 0.330502 0.463468 0.26193 0.437014 0.237216 0.40499 0.243134 0.426745 0.339726
0 0.546664 0.497634 0.530743 0.500029 0.533843 0.518486 0.529616 0.527503 0.546806 0.608939 0.554695 0.620352 0.554272 0.631482 0.576393 0.627114
0 0.62415 0.825699 0.632947 0.82162 0.615992 0.749976 0.585269 0.750357 0.585269 0.756859 0.577747 0.765019 0.594447 0.829523
0 0.708935 0.643611 0.655016 0.656299 0.655503 0.666546 0.660383 0.66496 0.665385 0.670449 0.66636 0.678988 0.659651 0.681307 0.664774 0.703143 0.673436 0.70851 0.682463 0.707534 0.685635 0.691797 0.695882 0.698994 0.704421 0.694115 0.708812 0.70363 0.721865 0.700824
0 0.431979 0 0.394559 0 0.405325 0.0547891 0.441261 0.0471523
0 0.646731 0.255316 0.599219 0.266281 0.61088 0.323191 0.659089 0.312228
0 0.725159 0.928364 0.743869 0.923146 0.748833 0.918182 0.743996 0.893235 0.734323 0.874398 0.733433 0.846143 0.728214 0.846016 0.724141 0.851234 0.714723 0.852634 0.711541 0.859889 0.703395 0.860016 0.700213 0.869816 0.715741 0.927855
0 0.653793 0.996025 0.660679 0.998189 0.689794 0.991895 0.673859 0.92245 0.637661 0.931105
0 0.633551 0.104367 0.642251 0.106375 0.65122 0.105036 0.659519 0.100485 0.66407 0.0909814 0.663803 0.0816113 0.656574 0.0730449 0.644795 0.0678242 0.625117 0.0671543 0.609322 0.0722412 0.595133 0.0801387 0.587905 0.0901787 0.587905 0.102226 0.592322 0.109722 0.601826 0.115076 0.616551 0.113202 0.620968 0.106509 0.627795 0.104501
0 0.62414 0.469192 0.630481 0.502146 0.68669 0.48909 0.680348 0.457876
0 0.0115693 0.65936 0.0161006 0.65239 0.00128906 0.633223 0 0.63373 0 0.66575
0 0.104689 0.894804 0.0644687 0.91841 0.0637695 0.922957 0.0725127 0.9324 0.0791582 0.927329 0.0901748 0.914563 0.0978691 0.917361 0.113083 0.907743
