0 0.402264 0.343373 0.481085 0.401357 0.511437 0.394563 0.529104 0.371459 0.518231 0.318911 0.449375 0.275877
0 0.138703 0.478367 0.18717 0.51324 0.191505 0.521121 0.191898 0.531957 0.214556 0.54831 0.241153 0.511467 0.235834 0.49137 0.162937 0.442312
0 0.244932 0.00892187 0.279425 0.0322656 0.27594 0.0211162 0.283605 0.0144971 0.31113 0.0367949 0.309736 0.0472471 0.305555 0.0503828 0.325763 0.0657129 0.353287 0.0249492 0.3153 0 0.251071 0
0 0.348145 0.790947 0.375985 0.747462 0.297235 0.694697 0.296439 0.700266 0.292197 0.702387 0.269394 0.737387
0 0.691382 0.998502 0.613385 0.945381 0.584497 0.986466 0.604434 1 0.690375 1
0 0.238309 0.458307 0.258906 0.428555 0.195682 0.384783 0.174226 0.413105
0 0.248805 0.836144 0.198408 0.800781 0.19375 0.800781 0.174904 0.827885 0.229324 0.863459
0 0.0661787 0.531621 0.126786 0.571615 0.132632 0.563309 0.128324 0.539004 0.105251 0.524545 0.0898682 0.527313 0.0760234 0.518699
0 0.854803 0.555541 0.812358 0.528141 0.805194 0.529036 0.79839 0.532438 0.794808 0.53799 0.794091 0.553034 0.79624 0.559123 0.808598 0.556795 0.814328 0.562347 0.823641 0.562168 0.842267 0.574525 0.848355 0.574346 0.853549 0.572018 0.856594 0.56575 0.856594 0.559123
0 0.983492 0.496078 0.980147 0.483535 0.956106 0.469947 0.948162 0.474128 0.950044 0.483953 0.978266 0.501932
