0 0.403703 0.875671 0.375538 0.893652 0.424867 0.973534 0.439666 0.967965 0.45351 0.951893 0.459716 0.942981 0.456692 0.928023 0.446826 0.936775 0.438233 0.926592 0.416593 0.877422
0 0.244413 0.607952 0.255367 0.60915 0.259133 0.602475 0.250917 0.584161 0.227298 0.562767 0.227982 0.545309 0.219767 0.54411 0.21583 0.538976 0.215146 0.532472 0.206245 0.520319 0.183139 0.533327 0.189813 0.538976 0.196489 0.547705 0.195633 0.561739 0.191868 0.574919 0.19512 0.579711 0.197858 0.604357 0.216172 0.626608
0 0.971638 0.14664 0.976042 0.166019 0.977363 0.180772 0.972959 0.195087 0.972738 0.2094 0.980446 0.221732 0.993659 0.229 1 0.230409 1 0.141062
0 0.728616 0.250445 0.738433 0.256609 0.746423 0.261176 0.749392 0.273275 0.751218 0.284462 0.757382 0.28743 0.771992 0.285375 0.771992 0.275102 0.756012 0.205928 0.721311 0.213233
0 0.715741 0.0391836 0.725159 0.0396924 0.743869 0.0344736 0.748833 0.0295098 0.743996 0.00456348 0.741653 0 0.705258 0
0 0.195481 0.166883 0.194033 0.175571 0.222632 0.222632 0.230415 0.225347 0.24942 0.213943 0.251772 0.206522 0.221727 0.156928 0.214849 0.156385
0 0.653793 0.107354 0.660679 0.109518 0.689794 0.103223 0.673859 0.0337783 0.637661 0.0424336
0 0.25113 0.800275 0.242912 0.790575 0.23402 0.783165 0.224454 0.781818 0.216236 0.785321 0.212464 0.792327 0.212733 0.805935 0.217179 0.81779 0.224858 0.832206 0.236445 0.845679 0.244528 0.85255 0.251265 0.853358 0.258675 0.851337 0.264603 0.846218 0.266489 0.832476 0.262178 0.820619 0.25598 0.807686
0 0.299002 0.755889 0.302753 0.738742 0.298467 0.729275 0.27739 0.721595 0.275067 0.728382 0.274711 0.765355 0.289714 0.781609 0.298823 0.78661 0.296145 0.801972 0.319722 0.788575
0 0.104689 0.00613184 0.0644687 0.0297383 0.0637695 0.0342852 0.0725127 0.0437285 0.0791582 0.0386572 0.0901748 0.0258916 0.0978691 0.0286895 0.113083 0.0190713
