0 0.540066 0.3293 0.576617 0.35287 0.589598 0.331691 0.629564 0.328275 0.643912 0.33989 0.671239 0.333741 0.679438 0.321443 0.658942 0.306071 0.653477 0.278402 0.664749 0.264055 0.659284 0.235702 0.62205 0.212132
0 0.294293 0.0247051 0.297346 0.0436328 0.267123 0.0885098 0.278724 0.097668 0.333369 0.0860674 0.359929 0.104995 0.378856 0.0991943 0.392899 0.110185 0.418849 0.10591 0.428923 0.0912568 0.428923 0.085457 0.307421 0.00699902
0 0.939484 0.478367 0.987951 0.51324 0.992286 0.521121 0.99268 0.531957 1 0.53724 1 0.466729 0.963718 0.442312
0 0.996463 0.384783 0.975007 0.413105 1 0.430734 1 0.387232
0 0.999189 0.800781 0.994531 0.800781 0.975686 0.827885 1 0.843779 1 0.80135
0 0.86696 0.531621 0.927567 0.571615 0.933413 0.563309 0.929105 0.539004 0.906032 0.524545 0.890649 0.527313 0.876805 0.518699
0 0.0274795 0.635055 0 0.63791 0 0.676351
0 0.644937 0.374732 0.63913 0.381564 0.635372 0.394887 0.639813 0.403085 0.648353 0.411625 0.659967 0.414017 0.669873 0.410259 0.67773 0.403085 0.680805 0.39113 0.677389 0.380198 0.670215 0.37405 0.661333 0.371658 0.651769 0.372684
0 0.395952 0.123007 0.397479 0.13705 0.409996 0.147124 0.431671 0.144376 0.445714 0.127586 0.430755 0.118732
0 0.00432031 0.989743 0.00914453 0.986083 0.0118057 0.980262 0.0109746 0.97078 0.0041543 0.96213 0 0.961207 0 0.991072
0 0.422979 0.911728 0.418517 0.919499 0.419092 0.92871 0.425281 0.93533 0.436362 0.937633 0.444566 0.931876 0.447444 0.92396 0.446725 0.914749 0.44068 0.908992 0.430605 0.907842
0 0.0793418 0.92121 0.0695273 0.935682 0.0866602 0.947325 0.0931484 0.945995 0.0974727 0.942335 0.0978057 0.93801 0.0956436 0.931855
0 0.201733 0.748273 0.197579 0.753259 0.197246 0.759739 0.203728 0.768381 0.211537 0.770873 0.219348 0.766885 0.222671 0.761401 0.222837 0.753259 0.218849 0.748107 0.213199 0.74495 0.207217 0.744451
