0 0.376187 0.121632 0.37634 0.0944668 0.390533 0.0816475 0.394349 0.0640967 0.393396 0.0482686 0.36978 0.0101504 0.277903 0.0651699 0.317006 0.127547 0.325385 0.136236 0.332367 0.140736 0.352539 0.141667 0.36642 0.134604
0 0.989203 0.341521 0.985423 0.344711 0.976326 0.345184 0.977744 0.357115 0.964396 0.371291 0.975618 0.385349 0.981524 0.389011 1 0.389011 1 0.342621
0 0.0041875 0.407647 0.0106973 0.400464 0.0178809 0.389689 0.0232686 0.384976 0.0445928 0.372181 0.0401035 0.362752 0.0508789 0.356691 0.0338184 0.327734 0 0.346381 0 0.411546
0 0.769629 0.725977 0.705469 0.65625 0.680078 0.679102 0.675488 0.686914 0.737109 0.754297
0 0.986763 0.481695 1 0.496014 1 0.447991 0.988648 0.447424
0 0.812305 0.656152 0.827246 0.673242 0.844727 0.654492 0.823535 0.632129 0.806152 0.632617 0.795996 0.630762 0.789551 0.635547 0.789746 0.64834 0.791699 0.655859
0 0.0668682 0.334752 0.0885713 0.372657 0.109382 0.358684 0.0875303 0.321671
0 0.461983 0.985778 0.478603 0.999023 0.486184 0.992775 0.490557 0.996129 0.502073 0.985341 0.506301 0.982717 0.494493 0.97018 0.50149 0.962891 0.494056 0.955602
0 0.303223 0.452539 0.297949 0.455957 0.294922 0.461914 0.295605 0.47002 0.300488 0.475488 0.307617 0.479004 0.314941 0.478027 0.32041 0.473535 0.322168 0.464551 0.320312 0.457031 0.314648 0.452344 0.308496 0.451562
0 0.784783 0.765754 0.790412 0.765079 0.789286 0.748189 0.783994 0.742897 0.77296 0.753369
