0 0.175488 0.946865 0.175801 0.953408 0.180479 0.959795 0.187021 0.964629 0.194805 0.966025 0.20415 0.961357 0.203369 0.947959 0.208203 0.945469 0.211943 0.937988 0.217236 0.935967 0.217549 0.928018 0.215215 0.924434 0.221133 0.901377 0.195273 0.894219
0 0.467393 0.789238 0.463437 0.80833 0.468213 0.815898 0.477441 0.81709 0.485977 0.794668 0.49042 0.777393 0.475615 0.771797
0 0.406484 0.610029 0.473018 0.635381 0.48166 0.606436 0.416465 0.583555
0 0.297188 0.520742 0.2704 0.599746 0.310322 0.615107 0.319531 0.602148 0.320732 0.572959 0.329102 0.558281 0.335244 0.534395
0 0.617227 0.272275 0.678896 0.294121 0.693213 0.285859 0.69248 0.278525 0.697441 0.266406 0.691748 0.254844 0.692119 0.2475 0.676143 0.241807 0.662197 0.250254 0.628789 0.238506
0 0.886738 0.220205 0.863379 0.284229 0.868135 0.293965 0.881113 0.300449 0.876357 0.315371 0.888896 0.319912 0.918096 0.230811
0 0.438262 0.232061 0.365137 0.207842 0.352539 0.242109 0.364092 0.247568 0.365137 0.254316 0.424775 0.275234
0 0.422178 0.209385 0.4604 0.224014 0.466543 0.224131 0.472695 0.203975 0.429434 0.189102
0 0.284561 0.0114844 0.271113 0.045459 0.318193 0.0615723 0.32916 0.0274121
0 0.367725 0.139697 0.412393 0.15625 0.422021 0.155996 0.424844 0.138799 0.406104 0.129678 0.399424 0.122236 0.375938 0.115684
